0;0;0
-0.0373535;0.233887;1.31128
-0.0524902;0.229736;1.29053
-0.0322266;0.237793;1.32593
-0.0219727;0.207275;1.29932
-0.0292969;0.235352;1.29785
-0.0427246;0.243896;1.32617
-0.0310059;0.24292;1.32104
-0.0100098;0.256592;1.32593
-0.00292969;0.236816;1.30664
0.00878906;0.218506;1.31152
0.0065918;0.192871;1.30664
-0.0131836;0.19458;1.31006
-0.0236816;0.234863;1.32983
-0.0405273;0.250488;1.32812
-0.0205078;0.247314;1.31543
-0.03125;0.256348;1.33374
-0.010498;0.220215;1.32422
-0.000488281;0.227295;1.3147
-0.0146484;0.210938;1.32104
-0.0170898;0.208252;1.32275
-0.0405273;0.221191;1.32129
-0.065918;0.263672;1.32983
-0.027832;0.241455;1.32104
-0.00341797;0.235596;1.30835
0.00170898;0.222656;1.30737
-0.017334;0.216553;1.30737
-0.0227051;0.208984;1.30811
-0.0334473;0.226074;1.34302
-0.0354004;0.219482;1.33643
-0.0292969;0.226318;1.33618
-0.0349121;0.213623;1.33154
-0.0224609;0.212891;1.34033
-0.026123;0.176758;1.32812
-0.0334473;0.182617;1.32666
-0.0366211;0.179443;1.31494
-0.0356445;0.201904;1.32153
-0.026123;0.186768;1.32666
-0.0397949;0.200684;1.33545
-0.0466309;0.233887;1.36108
-0.0561523;0.262695;1.35742
-0.0566406;0.233398;1.31689
0.00610352;0.247559;1.30957
0.0275879;0.286133;1.28174
0.00878906;0.249023;1.32568
-0.0141602;0.275391;1.3479
-0.0275879;0.243164;1.33374
-0.0112305;0.224609;1.31152
0.0412598;0.230957;1.30884
0.0397949;0.232422;1.29907
0.0559082;0.233887;1.29761
0.043457;0.226074;1.30469
0.00195312;0.202148;1.34326
-0.0300293;0.147461;1.31421
-0.0227051;0.217529;1.30347
0.0236816;0.230469;1.28662
0.0339355;0.273438;1.30688
0.0476074;0.268311;1.31665
0.052002;0.273682;1.31934
0.0480957;0.272217;1.32031
-0.0512695;0.231934;1.31641
-0.0805664;0.195557;1.35645
-0.0710449;0.183105;1.32056
-0.0532227;0.185791;1.33643
-0.0524902;0.186523;1.26855
-0.0273438;0.202637;1.29199
0.0546875;0.320557;1.31836
-0.0327148;0.255615;1.32764
-0.0534668;0.209961;1.35449
-0.060791;0.250244;1.35547
-0.0476074;0.181396;1.33643
-0.0537109;0.219727;1.38574
-0.074707;0.195312;1.30225
-0.0895996;0.171143;1.33691
-0.102539;0.1875;1.33887
-0.144775;0.240723;1.33911
-0.165771;0.222412;1.33301
-0.125977;0.215576;1.31958
-0.150146;0.200684;1.30566
-0.172119;0.154785;1.3313
-0.191162;0.128174;1.37012
-0.118408;0.171143;1.39697
-0.0983887;0.152832;1.32788
-0.157471;0.190186;1.29614
-0.175293;0.185303;1.34009
-0.128662;0.1875;1.31348
-0.111328;0.206299;1.30933
-0.125488;0.158203;1.30591
-0.158203;0.109375;1.33276
-0.179199;0.156006;1.31201
-0.205078;0.199707;1.35229
-0.176514;0.234863;1.35254
-0.116455;0.325928;1.34375
-0.158203;0.318604;1.37622
-0.175293;0.271973;1.32178
-0.187988;0.218506;1.29077
-0.254639;0.168457;1.31201
-0.245117;0.18042;1.29248
-0.301514;0.200439;1.3291
-0.338135;0.197266;1.32715
-0.257568;0.258301;1.25879
-0.202637;0.29248;1.23218
-0.248291;0.320557;1.2583
-0.293701;0.286133;1.27539
-0.330811;0.209473;1.22217
-0.38501;0.147217;1.24414
-0.426025;0.157227;1.23999
-0.416992;0.174805;1.24097
-0.385986;0.224609;1.22778
-0.425049;0.273682;1.24243
-0.450928;0.248291;1.24023
-0.44043;0.246338;1.22266
-0.425293;0.267822;1.19238
-0.417969;0.253662;1.18457
-0.451172;0.260742;1.17456
-0.457764;0.249756;1.19067
-0.449219;0.223877;1.17896
-0.499023;0.272217;1.1792
-0.566895;0.342285;1.16309
-0.624512;0.30127;1.16235
-0.560059;0.26709;1.13232
-0.53418;0.237793;1.13477
-0.504883;0.203125;1.12964
-0.51709;0.177979;1.11206
-0.553711;0.201904;1.12036
-0.601562;0.230225;1.08472
-0.696045;0.231201;1.05957
-0.762939;0.193115;1.09448
-0.693604;0.134766;1.06494
-0.632568;0.0559082;1.02759
-0.631836;0.0983887;1.05347
-0.654541;0.170654;1.02539
-0.689697;0.206299;1.00391
-0.746582;0.181885;0.98584
-0.786865;0.166504;1.01123
-0.775146;0.162354;1.0083
-0.744873;0.171875;1.00732
-0.714111;0.180664;0.990723
-0.726562;0.20459;1.00195
-0.727539;0.180176;0.989502
-0.774414;0.189941;0.994629
-0.814941;0.178467;0.970703
-0.815674;0.129639;0.96875
-0.763672;0.0905762;0.96582
-0.697021;0.10498;0.955566
-0.743408;0.0991211;0.958008
-0.731934;0.151123;0.923828
-0.688232;0.178711;0.950928
-0.754639;0.206055;0.96167
-0.824463;0.182861;0.953125
-0.835693;0.124512;0.96875
-0.815186;0.0827637;0.952148
-0.824219;0.0837402;0.935303
-0.837158;0.0583496;0.929932
-0.850586;0.090332;0.935791
-0.854004;0.136719;0.929688
-0.819336;0.133057;0.914551
-0.817383;0.133301;0.900391
-0.797363;0.130371;0.927002
-0.822998;0.145264;0.905762
-0.771973;0.141602;0.845215
-0.827148;0.137207;0.900635
-0.829346;0.0756836;0.866699
-0.863525;0.0393066;0.842041
-0.891113;0.0612793;0.849365
-0.893799;0.0810547;0.865234
-0.916016;0.135742;0.854004
-0.91333;0.148193;0.844238
-0.916748;0.157715;0.842285
-0.887939;0.114746;0.838379
-0.812988;0.0620117;0.837891
-0.824219;0.0549316;0.867676
-0.821289;0.0893555;0.879395
-0.862305;0.104004;0.86377
-0.889648;0.125488;0.856689
-0.886475;0.0944824;0.854248
-0.898682;0.0529785;0.840088
-0.903076;0.0825195;0.84668
-0.889893;0.102051;0.859131
-0.878174;0.123047;0.849121
-0.858643;0.12793;0.830566
-0.861572;0.145508;0.842285
-0.87207;0.155762;0.836426
-0.880615;0.136963;0.823242
-0.901123;0.148193;0.844482
-0.885986;0.132324;0.841309
-0.877441;0.106934;0.831787
-0.857666;0.0878906;0.832031
-0.866455;0.108398;0.850586
-0.864746;0.144287;0.849609
-0.854492;0.16626;0.834229
-0.878418;0.185303;0.830078
-0.917236;0.198975;0.832031
-0.940186;0.185791;0.838623
-0.930176;0.190186;0.806885
-0.887939;0.1875;0.810303
-0.905029;0.152832;0.819824
-0.88501;0.128174;0.814941
-0.838135;0.110107;0.839111
-0.838379;0.126709;0.844971
-0.845947;0.162842;0.858398
-0.897949;0.183594;0.85791
-0.945557;0.187744;0.831543
-0.95874;0.181396;0.831299
-0.915039;0.147705;0.817383
-0.88623;0.124268;0.792236
-0.865479;0.059082;0.811768
-0.848633;0.0634766;0.834961
-0.847168;0.0939941;0.845459
-0.851807;0.13501;0.871094
-0.873779;0.135742;0.866699
-0.874268;0.111328;0.857666
-0.851318;0.0874023;0.873291
-0.804443;0.0666504;0.867432
-0.783936;0.0639648;0.880127
-0.793457;0.0627441;0.867432
-0.855957;0.0900879;0.871094
-0.893066;0.125244;0.873779
-0.890625;0.105225;0.881592
-0.884521;0.102539;0.885254
-0.868408;0.101807;0.885254
-0.85791;0.0778809;0.883057
-0.845459;0.0524902;0.871338
-0.835449;0.0837402;0.891113
-0.842773;0.108643;0.913574
-0.838623;0.104736;0.884033
-0.862061;0.104004;0.899658
-0.863525;0.113281;0.898438
-0.86377;0.119141;0.900635
-0.86084;0.0986328;0.903076
-0.866211;0.0769043;0.89917
-0.839844;0.0905762;0.912354
-0.80249;0.119385;0.919434
-0.799072;0.120605;0.931885
-0.811523;0.128906;0.940674
-0.831055;0.0949707;0.919678
-0.82959;0.0939941;0.926025
-0.824219;0.0805664;0.917969
-0.811768;0.0639648;0.90625
-0.812256;0.0661621;0.924805
-0.799805;0.0615234;0.934814
-0.834473;0.0930176;0.946777
-0.842773;0.130371;0.936768
-0.858643;0.11377;0.919678
-0.835449;0.116943;0.914307
-0.788574;0.0700684;0.946289
-0.769775;0.074707;0.960449
-0.80957;0.0727539;0.951172
-0.799316;0.0688477;0.952881
-0.801514;0.0612793;0.996094
-0.796143;0.0820312;0.974365
-0.803955;0.0986328;0.981689
-0.8125;0.103027;0.964111
-0.819336;0.0820312;0.971191
-0.769043;0.105957;0.993408
-0.736816;0.114746;0.984863
-0.770752;0.146484;0.983643
-0.768311;0.180908;0.991943
-0.734863;0.156006;0.97998
-0.79126;0.0610352;1.03296
-0.797607;0.0283203;1.05933
-0.770996;0.036377;1.0459
-0.777588;0.0859375;1.0105
-0.768555;0.103271;1.00391
-0.721436;0.0834961;1.00415
-0.717041;0.072998;1.02075
-0.727539;0.0695801;1.06006
-0.7229;0.0905762;1.08057
-0.708496;0.111572;1.08765
-0.678223;0.110596;1.06885
-0.691406;0.127441;1.06128
-0.688721;0.146729;1.06567
-0.675049;0.148193;1.03052
-0.686035;0.153076;1.03809
-0.661621;0.14502;1.07178
-0.668457;0.136719;1.10083
-0.686768;0.150879;1.12573
-0.681152;0.120605;1.12476
-0.669678;0.098877;1.10522
-0.629639;0.120605;1.09351
-0.641846;0.157715;1.06958
-0.641602;0.197266;1.09424
-0.617188;0.165771;1.10498
-0.625;0.147217;1.11865
-0.609619;0.137939;1.14282
-0.621582;0.147705;1.14111
-0.604736;0.159668;1.14453
-0.620605;0.150635;1.13672
-0.56958;0.131348;1.21655
-0.570312;0.151123;1.24902
-0.581055;0.199219;1.1084
-0.640137;0.229004;1.10303
-0.600586;0.20166;1.09595
-0.618652;0.206055;1.09985
-0.599609;0.198975;1.15405
-0.591309;0.19043;1.18091
-0.568604;0.17334;1.1582
-0.568604;0.210938;1.1543
-0.550049;0.208252;1.17163
-0.54541;0.209229;1.19141
-0.555176;0.224609;1.17993
-0.544678;0.200439;1.19775
-0.507324;0.196045;1.17114
-0.496826;0.192627;1.16162
-0.506348;0.198242;1.18042
-0.515625;0.195557;1.2124
-0.499756;0.1875;1.20654
-0.496338;0.217285;1.19165
-0.485107;0.20874;1.2019
-0.484375;0.197266;1.19189
-0.469482;0.208008;1.16992
-0.470947;0.219482;1.13818
-0.45874;0.224854;1.15259
-0.470947;0.228516;1.20996
-0.486816;0.23584;1.22974
-0.474121;0.213867;1.22925
-0.462402;0.194824;1.24097
-0.481445;0.199463;1.25024
-0.46875;0.233887;1.21655
-0.471436;0.230957;1.20093
-0.455811;0.227295;1.18042
-0.446533;0.22168;1.20093
-0.445557;0.222656;1.21631
-0.44165;0.192627;1.22925
-0.43335;0.181641;1.2312
-0.42334;0.194336;1.22559
-0.410156;0.232422;1.23389
-0.415527;0.221924;1.24536
-0.40918;0.208008;1.2312
-0.41748;0.218018;1.23242
-0.429932;0.218262;1.23706
-0.422119;0.209229;1.2439
-0.40625;0.211182;1.24561
-0.42041;0.20874;1.26367
-0.407715;0.22168;1.26001
-0.399658;0.221436;1.24707
-0.394775;0.215576;1.23755
-0.393311;0.196289;1.23047
-0.397705;0.210449;1.22168
-0.405273;0.230225;1.20483
-0.380615;0.206543;1.2395
-0.366699;0.20752;1.2749
-0.355957;0.219482;1.2627
-0.340088;0.227295;1.26001
-0.309814;0.218506;1.25439
-0.333984;0.218262;1.26733
-0.321777;0.228271;1.28394
-0.313965;0.208496;1.26685
-0.294678;0.203613;1.26855
-0.311035;0.243896;1.26294
-0.296387;0.210205;1.25317
-0.287598;0.206543;1.27124
-0.262451;0.17749;1.28271
-0.27002;0.202393;1.27856
-0.2771;0.227295;1.30762
-0.273438;0.232178;1.28198
-0.269287;0.237061;1.28662
-0.310547;0.229492;1.28149
-0.275391;0.225342;1.28735
-0.250488;0.206055;1.27539
-0.25293;0.203613;1.30762
-0.256592;0.203857;1.29712
-0.249268;0.202881;1.29468
-0.237549;0.211914;1.29468
-0.230225;0.212891;1.25293
-0.253174;0.231201;1.29224
-0.255615;0.219482;1.28662
-0.240723;0.20874;1.27246
-0.217041;0.195801;1.29297
-0.21582;0.190674;1.29199
-0.219238;0.201904;1.31714
-0.232178;0.191162;1.30762
-0.249512;0.192139;1.3064
-0.236816;0.209961;1.29834
-0.203613;0.188477;1.29321
-0.233154;0.193359;1.29736
-0.213623;0.183838;1.29297
-0.215088;0.196777;1.30054
-0.22583;0.21582;1.3125
-0.218506;0.233887;1.31055
-0.21582;0.246826;1.30786
-0.208984;0.220947;1.31934
-0.196289;0.214111;1.31519
-0.202637;0.190186;1.31421
-0.184082;0.185791;1.32422
-0.185303;0.178955;1.29834
-0.172119;0.194092;1.30664
-0.171631;0.211426;1.30542
-0.177734;0.230957;1.32031
-0.185059;0.220947;1.30566
-0.178467;0.221436;1.30591
-0.164307;0.208252;1.30103
-0.143311;0.19458;1.31104
-0.144043;0.185059;1.32544
-0.135742;0.178223;1.30273
-0.138428;0.220947;1.30664
-0.145264;0.231934;1.31982
-0.147217;0.224121;1.33984
-0.14624;0.226074;1.31934
-0.132812;0.216553;1.30786
-0.134033;0.197998;1.31104
-0.132568;0.192139;1.31421
-0.13208;0.192627;1.32031
-0.116699;0.204346;1.32104
-0.121582;0.217041;1.31567
-0.117432;0.215576;1.31763
-0.124756;0.211914;1.30469
-0.11499;0.219971;1.3064
-0.113525;0.221191;1.31885
-0.10376;0.223145;1.30151
-0.0983887;0.223633;1.31592
-0.0878906;0.231689;1.32031
-0.092041;0.23877;1.31543
-0.0859375;0.243896;1.31836
-0.0805664;0.246338;1.31177
-0.0922852;0.248779;1.31177
-0.0932617;0.254883;1.33032
-0.0644531;0.278809;1.32642
-0.0734863;0.263184;1.30688
-0.0822754;0.250732;1.30591
-0.081543;0.246338;1.29639
-0.0820312;0.265381;1.29248
-0.0690918;0.275879;1.31763
-0.060791;0.280273;1.29126
-0.0549316;0.278809;1.30298
-0.0666504;0.282471;1.2981
-0.0788574;0.290039;1.29883
-0.0888672;0.270264;1.30347
-0.0739746;0.261475;1.29419
-0.0634766;0.269531;1.30884
-0.0603027;0.271973;1.29517
-0.0534668;0.263428;1.29932
-0.0625;0.259766;1.29468
-0.0500488;0.261475;1.28735
-0.0917969;0.293701;1.30054
-0.0749512;0.301758;1.30249
-0.0634766;0.308838;1.31152
-0.0534668;0.315918;1.29443
-0.0480957;0.325195;1.29956
-0.0490723;0.326172;1.30713
-0.0615234;0.298828;1.29077
-0.0693359;0.281494;1.27783
-0.0656738;0.298828;1.27954
-0.067627;0.30542;1.29346
-0.0629883;0.313721;1.29297
-0.0495605;0.318848;1.30835
-0.0480957;0.318115;1.26465
-0.0617676;0.345459;1.27563
-0.0656738;0.327148;1.27637
-0.0544434;0.317871;1.25708
-0.065918;0.335205;1.29492
-0.0639648;0.340088;1.28955
-0.0664062;0.333496;1.2959
-0.0627441;0.337402;1.28931
-0.0563965;0.339355;1.27856
-0.0617676;0.337891;1.28931
-0.045166;0.324951;1.30835
-0.0495605;0.302246;1.31836
-0.0788574;0.311035;1.30151
-0.0847168;0.318115;1.28833
-0.0810547;0.325195;1.25977
-0.10498;0.329346;1.25562
-0.0480957;0.244385;1.11548
-0.134766;0.45166;1.33081
-0.0996094;0.414551;1.29785
-0.074707;0.364502;1.24658
-0.0766602;0.348145;1.29199
-0.101074;0.393555;1.35425
-0.103027;0.359131;1.26514
-0.108154;0.337158;1.26416
-0.126709;0.367188;1.26758
-0.125;0.404541;1.2605
-0.0871582;0.344727;1.28418
-0.100098;0.357666;1.26831
-0.101318;0.330078;1.26953
-0.0961914;0.331055;1.24976
-0.10083;0.355225;1.26465
-0.112793;0.358154;1.29395
-0.103271;0.354492;1.28296
-0.106445;0.391357;1.25537
-0.0881348;0.36792;1.26587
-0.0952148;0.361084;1.25635
-0.0942383;0.380615;1.27197
-0.0932617;0.351318;1.27637
-0.0942383;0.330322;1.26294
-0.0986328;0.363037;1.24146
-0.0812988;0.368896;1.2478
-0.101074;0.379883;1.26514
-0.0961914;0.386475;1.26245
-0.100586;0.400391;1.27515
-0.0981445;0.403564;1.24829
-0.0944824;0.398193;1.27319
-0.0925293;0.394287;1.27075
-0.103516;0.39624;1.26733
-0.120117;0.403809;1.27271
-0.108154;0.375;1.24561
-0.101074;0.383545;1.26099
-0.105957;0.38916;1.2561
-0.0913086;0.371338;1.24756
-0.0825195;0.384766;1.25732
-0.0905762;0.391602;1.25024
-0.100342;0.408936;1.25464
-0.104248;0.412598;1.27783
-0.124268;0.434326;1.28003
-0.104248;0.409424;1.25562
-0.0913086;0.404785;1.25342
-0.0866699;0.410645;1.25342
-0.0830078;0.394043;1.24927
-0.0793457;0.403076;1.25928
-0.0864258;0.398682;1.23633
-0.0986328;0.412354;1.26099
-0.0952148;0.463379;1.25366
-0.088623;0.452881;1.25269
-0.0852051;0.430176;1.25195
-0.0769043;0.414795;1.25171
-0.079834;0.392578;1.23535
-0.081543;0.391357;1.24194
-0.0852051;0.402832;1.25293
-0.0888672;0.415527;1.2439
-0.0830078;0.429932;1.24194
-0.072998;0.449219;1.26074
-0.0690918;0.449219;1.24805
-0.079834;0.439697;1.22607
-0.090332;0.437012;1.2229
-0.0910645;0.4104;1.24268
-0.0839844;0.418701;1.24609
-0.0766602;0.416748;1.26514
-0.0708008;0.428711;1.24072
-0.0778809;0.442383;1.25244
-0.0864258;0.440918;1.25488
-0.0812988;0.443359;1.23633
-0.0905762;0.445801;1.23145
-0.0856934;0.438477;1.23926
-0.0839844;0.422363;1.24121
-0.0910645;0.429443;1.23389
-0.0905762;0.427979;1.24463
-0.0874023;0.45166;1.24658
-0.0925293;0.463623;1.24048
-0.0898438;0.455078;1.23682
-0.097168;0.456055;1.22876
-0.0859375;0.451172;1.22876
-0.0839844;0.435303;1.2251
-0.0849609;0.424072;1.22754
-0.0991211;0.452148;1.24878
-0.0983887;0.424805;1.24976
-0.10376;0.443359;1.23779
-0.10376;0.453125;1.22974
-0.0925293;0.443359;1.23218
-0.0947266;0.449951;1.23535
-0.0891113;0.454346;1.22974
-0.0915527;0.454102;1.23169
-0.0905762;0.457764;1.20801
-0.0849609;0.463623;1.22876
-0.0898438;0.462402;1.23315
-0.0932617;0.444824;1.23071
-0.09375;0.453613;1.23535
-0.0888672;0.451904;1.2207
-0.0964355;0.467529;1.23291
-0.0827637;0.472168;1.22705
-0.0864258;0.472168;1.22144
-0.0842285;0.465332;1.22021
-0.0861816;0.459717;1.22778
-0.0927734;0.440918;1.22852
-0.0817871;0.456787;1.23071
-0.0944824;0.46582;1.23486
-0.0817871;0.456299;1.22925
-0.0769043;0.448975;1.21216
-0.0742188;0.46167;1.22217
-0.0817871;0.467773;1.21924
-0.0795898;0.474365;1.21484
-0.0856934;0.479492;1.21533
-0.0800781;0.47168;1.21655
-0.0739746;0.471436;1.23389
-0.0708008;0.488525;1.21948
-0.0634766;0.497803;1.20361
-0.0756836;0.478271;1.2002
-0.0822754;0.488281;1.17358
-0.0856934;0.503418;1.17969
-0.0932617;0.505859;1.15381
-0.0786133;0.514404;1.19678
-0.0773926;0.498779;1.21704
-0.0683594;0.492676;1.22168
-0.0756836;0.491699;1.23169
-0.0720215;0.501953;1.21924
-0.078125;0.516846;1.21094
-0.0930176;0.502441;1.19092
-0.0817871;0.516357;1.18237
-0.0803223;0.501221;1.18848
-0.064209;0.521484;1.20972
-0.0693359;0.516602;1.19751
-0.064209;0.501709;1.18701
-0.0629883;0.523926;1.18335
-0.0649414;0.516846;1.18701
-0.0671387;0.524658;1.17822
-0.0710449;0.518555;1.19385
-0.0776367;0.535645;1.19043
-0.0727539;0.545898;1.20972
-0.0651855;0.521484;1.18994
-0.0610352;0.528809;1.18506
-0.0598145;0.541992;1.18481
-0.0634766;0.545166;1.18237
-0.0561523;0.544922;1.19482
-0.0541992;0.550293;1.17725
-0.0605469;0.563232;1.18433
-0.0563965;0.568359;1.20264
-0.0476074;0.561035;1.18042
-0.060791;0.563965;1.15991
-0.0671387;0.552002;1.16943
-0.0634766;0.55127;1.16113
-0.0664062;0.546143;1.18555
-0.0588379;0.534668;1.16968
-0.0664062;0.538086;1.19189
-0.0620117;0.549316;1.18701
-0.0595703;0.540039;1.18359
-0.0563965;0.551025;1.18164
-0.0695801;0.554443;1.15723
-0.0617676;0.538818;1.15625
-0.0610352;0.538086;1.15625
-0.0554199;0.532959;1.18628
-0.0554199;0.550781;1.19434
-0.0576172;0.545654;1.17627
-0.065918;0.547852;1.18115
-0.0712891;0.561768;1.17896
-0.076416;0.545654;1.16675
-0.0666504;0.537354;1.16821
-0.0769043;0.555176;1.16846
-0.0595703;0.555176;1.16406
-0.059082;0.569092;1.2019
-0.0515137;0.591797;1.17578
-0.0722656;0.569824;1.15991
-0.059082;0.547852;1.15601
-0.0644531;0.568359;1.16919
-0.0683594;0.566895;1.16406
-0.0512695;0.560547;1.18726
-0.0371094;0.576904;1.17847
-0.043457;0.599121;1.18188
-0.0559082;0.584961;1.15039
-0.0563965;0.588379;1.16821
-0.0510254;0.580322;1.13208
-0.0473633;0.561279;1.13159
-0.0488281;0.571045;1.17041
-0.0473633;0.583496;1.14233
-0.043457;0.5896;1.14819
-0.0463867;0.600342;1.1377
-0.0561523;0.606934;1.14062
-0.0578613;0.602295;1.13452
-0.0651855;0.598145;1.14868
-0.059082;0.579834;1.14941
-0.0527344;0.583496;1.12646
-0.0393066;0.610352;1.10327
-0.020752;0.584961;1.14673
-0.0715332;0.611084;1.14136
-0.0561523;0.63501;1.11646
-0.076416;0.6604;1.10571
-0.0749512;0.629883;1.10791
-0.0439453;0.602783;1.11084
-0.072998;0.645996;1.09155
-0.0639648;0.642578;1.10742
-0.0637207;0.651611;1.08984
-0.079834;0.653564;1.09106
-0.0776367;0.655273;1.125
-0.0668945;0.637451;1.13403
-0.0649414;0.640625;1.13477
-0.0593262;0.647461;1.10962
-0.0620117;0.643311;1.09106
-0.072998;0.645508;1.06958
-0.0727539;0.658447;1.04761
-0.0627441;0.673584;1.07764
-0.0693359;0.674561;1.0835
-0.0666504;0.68335;1.09717
-0.0617676;0.686768;1.09424
-0.0866699;0.665039;1.09668
-0.0683594;0.670654;1.07593
-0.0756836;0.700684;1.06274
-0.0776367;0.708984;1.0437
-0.0852051;0.716553;1.05249
-0.076416;0.708008;1.05371
-0.0754395;0.682373;1.05127
-0.088623;0.670166;1.03149
-0.0834961;0.685547;1.04883
-0.0913086;0.673096;1.05542
-0.0922852;0.697754;1.03418
-0.098877;0.719482;1.03662
-0.0913086;0.729004;1.05859
-0.0673828;0.746826;1.03027
-0.065918;0.732666;1.02124
-0.0810547;0.70166;1.01562
-0.0986328;0.706543;1.03198
-0.109863;0.705811;1.03687
-0.123047;0.698975;1.02393
-0.100342;0.712158;1.01685
-0.0827637;0.736816;1.0354
-0.0969238;0.749512;1.01831
-0.107422;0.75;1.03442
-0.106445;0.737061;1.052
-0.11499;0.728271;1.05371
-0.122803;0.717041;1.0271
-0.100586;0.730957;0.990234
-0.135498;0.743896;0.977783
-0.13501;0.704834;0.986572
-0.105225;0.723633;1.0083
-0.10083;0.714355;1.03833
-0.101074;0.731201;1.05298
-0.102783;0.745605;1.03711
-0.114746;0.755371;1.01831
-0.126709;0.753662;0.944092
-0.129395;0.773926;0.965088
-0.130859;0.749023;0.981934
-0.106445;0.733887;1.05688
-0.097168;0.73291;1.05078
-0.0817871;0.723633;1.03906
-0.107666;0.752686;0.989746
-0.131348;0.795654;0.980469
-0.161621;0.811035;0.951172
-0.157471;0.790039;0.946045
-0.125732;0.742676;0.975098
-0.0876465;0.675293;0.981934
-0.0690918;0.67627;1.03198
-0.108643;0.73999;1.00073
-0.137451;0.804443;0.982178
-0.14209;0.82251;0.960938
-0.1604;0.767578;0.957275
-0.164307;0.790283;0.965088
-0.150391;0.753418;0.956299
-0.112305;0.718994;1.00342
-0.138672;0.740234;0.977051
-0.111084;0.778809;0.991455
-0.141846;0.859131;0.992188
-0.109375;0.942139;1.01196
-0.201416;0.728271;0.894531
-0.169922;0.827637;0.805176
-0.11792;1.00757;0.882568
-0.144287;0.676758;0.879395
-0.119629;0.631104;0.956543
-0.11499;0.63916;0.977051
-0.143066;0.72583;0.966064
-0.161621;0.767578;0.916748
-0.169922;0.816162;0.804443
-0.184326;0.833496;0.736084
-0.188477;0.887451;0.737793
-0.173096;0.858398;0.85791
-0.112793;0.816162;0.93335
-0.104248;0.795654;0.949463
-0.121338;0.837891;0.919434
-0.160889;0.961426;0.8479
-0.176514;0.98291;0.77002
-0.171387;0.864258;0.733154
-0.166504;0.779053;0.809326
-0.124023;0.778809;0.908936
-0.0876465;0.797363;0.977539
-0.0761719;0.855713;0.995361
-0.0705566;0.876221;0.961182
-0.11084;0.921875;0.919922
-0.130859;0.898926;0.83374
-0.151123;0.833496;0.787842
-0.151611;0.798828;0.785645
-0.136475;0.809814;0.859619
-0.116211;0.82666;0.916992
-0.115723;0.862061;0.940674
-0.118896;0.884033;0.908691
-0.166992;0.86792;0.82959
-0.182373;0.866699;0.763672
-0.197754;0.903076;0.716553
-0.159912;0.864502;0.732422
-0.15918;0.861572;0.793213
-0.14209;0.813965;0.8479
-0.141357;0.841309;0.888672
-0.138916;0.88501;0.886475
-0.126953;0.84375;0.814697
-0.144531;0.866455;0.746582
-0.150391;0.891602;0.703857
-0.151123;0.906494;0.756836
-0.126953;0.89209;0.814697
-0.125488;0.857422;0.846191
-0.131348;0.9021;0.859131
-0.144775;0.908936;0.781982
-0.155518;0.886475;0.723633
-0.163574;0.873535;0.710205
-0.139893;0.890137;0.75293
-0.139648;0.853516;0.784668
-0.132812;0.818115;0.787598
-0.145508;0.878906;0.837646
-0.11084;0.930664;0.846191
-0.141357;0.950195;0.764404
-0.202881;0.973633;0.560059
-0.157715;0.942871;0.740723
-0.139893;0.880127;0.799316
-0.116455;0.815674;0.787109
-0.10083;0.800537;0.81543
-0.114746;0.862061;0.789551
-0.132324;0.93042;0.717773
-0.131836;0.950684;0.729736
-0.139648;0.95874;0.76001
-0.152832;0.92627;0.7771
-0.139648;0.852539;0.704834
-0.127686;0.859619;0.716553
-0.116699;0.836426;0.740723
-0.122314;0.963135;0.804199
-0.113525;0.988037;0.828369
-0.121582;0.976562;0.738037
-0.171875;1.07202;0.729492
-0.130371;0.88623;0.76001
-0.122314;0.887939;0.678955
-0.102051;0.907959;0.669434
-0.110107;0.939697;0.66748
-0.121338;0.918701;0.710693
-0.13623;0.906738;0.731689
-0.144043;0.922852;0.737061
-0.161621;0.956787;0.756104
-0.172363;0.968262;0.707031
-0.157959;0.948242;0.685791
-0.139648;0.95459;0.624512
-0.136475;0.966064;0.76123
-0.117432;0.860107;0.736084
-0.092041;0.85376;0.641113
-0.11792;0.905518;0.68335
-0.12207;0.910156;0.682617
-0.118896;0.92334;0.675781
-0.12793;0.95459;0.655273
-0.156738;0.969238;0.629639
-0.102783;0.927246;0.704834
-0.115234;0.913818;0.779053
-0.0979004;0.9021;0.676514
-0.112549;0.951904;0.579102
-0.111084;0.975342;0.638184
-0.154297;0.965088;0.605713
-0.126709;0.947754;0.636719
-0.151367;0.935547;0.633789
-0.135742;0.953613;0.600342
-0.138184;0.983398;0.64624
-0.130859;0.957031;0.623779
-0.120117;0.962158;0.638916
-0.125244;0.933594;0.62793
-0.116943;0.88208;0.647461
-0.0952148;0.908936;0.620117
-0.116943;0.959717;0.621338
-0.13916;0.970215;0.61792
-0.131836;0.967773;0.587891
-0.138184;1.01074;0.589844
-0.162109;1.06128;0.598877
-0.137939;0.99292;0.598877
-0.103027;0.947021;0.589111
-0.0891113;0.93457;0.567139
-0.0898438;0.916504;0.552002
-0.102051;0.937012;0.553223
-0.115723;0.954346;0.525146
-0.11377;0.962891;0.560791
-0.118896;0.980225;0.553223
-0.150391;1.02637;0.58374
-0.140137;1.01001;0.558105
-0.097168;0.962891;0.561523
-0.0786133;0.94458;0.562988
-0.0944824;0.953613;0.53418
-0.0983887;0.965576;0.521484
-0.103516;0.97998;0.552979
-0.104004;0.998779;0.549316
-0.0842285;0.981445;0.519043
-0.088623;0.966797;0.548096
-0.115479;0.964355;0.539062
-0.106689;0.967773;0.508057
-0.0976562;0.959961;0.528809
-0.109131;0.970947;0.474854
-0.0944824;0.999268;0.473633
-0.135742;1.01636;0.527588
-0.107422;0.993164;0.48584
-0.0849609;0.928223;0.487305
-0.102783;0.948242;0.509766
-0.105957;0.971924;0.525146
-0.107666;0.994629;0.495117
-0.12085;0.991211;0.487549
-0.102783;0.986816;0.461914
-0.130371;1.00293;0.492676
-0.12793;1.00903;0.456543
-0.138184;1.00659;0.476318
-0.108398;0.955566;0.503418
-0.120605;0.94873;0.477539
-0.119385;0.953125;0.462891
-0.123535;0.930908;0.475342
-0.109131;0.91333;0.455566
-0.0942383;0.959961;0.385254
-0.128906;1.02734;0.399658
-0.153564;1.052;0.445557
-0.0949707;0.98999;0.435059
-0.0861816;1.00073;0.444336
-0.0754395;1.02881;0.429199
-0.132324;1.05493;0.405029
-0.137695;1.0083;0.311768
-0.107178;0.965332;0.363037
-0.113525;0.984619;0.431641
-0.117432;0.998779;0.451172
-0.136963;1.00317;0.40625
-0.119873;0.996338;0.388672
-0.0949707;0.994385;0.334961
-0.114746;1.01685;0.310791
-0.115479;0.999268;0.337402
-0.182861;1.03809;0.356445
-0.156494;1.03589;0.347412
-0.184326;1.02979;0.360596
-0.137207;0.963623;0.357422
-0.146729;0.94751;0.349609
-0.139893;0.974609;0.348877
-0.143311;0.981934;0.360596
-0.159912;0.983154;0.375977
-0.130371;0.977295;0.326904
-0.141602;1.00952;0.293945
-0.169189;1.01172;0.300537
-0.178711;1.00977;0.291016
-0.173584;0.97168;0.318115
-0.11792;0.9104;0.407227
-0.160889;0.970215;0.468018
-0.155518;0.972656;0.360107
-0.112061;0.964355;0.268311
-0.161377;1.02856;0.260986
-0.165283;1.02734;0.234619
-0.194824;1.03467;0.272705
-0.198242;1.01978;0.269775
-0.202637;0.980713;0.38916
-0.185547;0.943604;0.429688
-0.181396;0.987305;0.344971
-0.193604;1.02979;0.241455
-0.216064;1.03955;0.255859
-0.213623;1.00854;0.306885
-0.200439;0.963867;0.304443
-0.19751;0.937012;0.385742
-0.164062;0.925049;0.363525
-0.16626;0.940918;0.373047
-0.233398;1.02954;0.316162
-0.189697;0.984619;0.272949
-0.203857;0.991699;0.321533
-0.19458;0.953125;0.329346
-0.244629;0.937012;0.37207
-0.234863;0.926025;0.36377
-0.213379;0.968506;0.330078
-0.208008;1.00195;0.233887
-0.231445;1.06543;0.259033
-0.218262;1.00879;0.246094
-0.188965;1.02808;0.20752
-0.211182;0.980469;0.255127
-0.221924;0.965088;0.284912
-0.211426;0.951416;0.27417
-0.19873;0.924316;0.269531
-0.197754;0.941895;0.258301
-0.223877;0.97998;0.323975
-0.232666;0.991943;0.309082
-0.244141;1.00562;0.270264
-0.226562;0.977295;0.229492
-0.231689;0.969482;0.21875
-0.257812;1.01099;0.209717
-0.265869;0.99585;0.231689
-0.254639;1.00122;0.247559
-0.228271;0.960205;0.226562
-0.212891;0.956787;0.224854
-0.228027;0.968262;0.216797
-0.211426;0.915771;0.22168
-0.227539;0.920654;0.268555
-0.164307;0.884766;0.234619
-0.219238;0.949951;0.178711
-0.256348;0.993164;0.195557
-0.255615;1.0105;0.185547
-0.259521;0.979736;0.17627
-0.224854;0.960449;0.159424
-0.238525;0.955566;0.156738
-0.262207;0.968994;0.169678
-0.241943;0.945801;0.156006
-0.232422;0.927734;0.200439
-0.238037;0.9729;0.163574
-0.276611;1.03687;0.156738
-0.281982;1.01392;0.108643
-0.258789;0.979492;0.130859
-0.220947;0.943604;0.159912
-0.249756;0.940918;0.165527
-0.237061;0.919922;0.199463
-0.272217;0.969727;0.173828
-0.268066;0.939209;0.145264
-0.241699;0.921387;0.129639
-0.22998;0.921875;0.133545
-0.230225;0.922119;0.112793
-0.222412;0.921631;0.0925293
-0.254395;0.942139;0.0827637
-0.283691;0.974609;0.0749512
-0.294678;0.973145;0.0761719
-0.268555;0.91748;0.0983887
-0.239502;0.905273;0.122559
-0.237793;0.915039;0.120605
-0.267334;0.920166;0.0795898
-0.273438;0.923584;0.0407715
-0.292236;0.946533;-0.0310059
-0.3125;0.953857;-0.0632324
-0.328369;0.979736;-0.0620117
-0.294434;0.955566;0.00683594
-0.256104;0.903076;0.0708008
-0.261719;0.883057;0.0361328
-0.260986;0.879883;0
-0.281738;0.927246;-0.0012207
-0.298584;0.925781;-0.0244141
-0.295654;0.898682;-0.060791
-0.250244;0.868408;-0.00610352
-0.280029;0.908447;-0.0290527
-0.254883;0.859619;-0.0285645
-0.272705;0.893555;-0.0263672
-0.288086;0.903076;-0.0397949
-0.290039;0.913086;-0.0356445
-0.286865;0.882812;-0.0500488
-0.272461;0.869141;-0.0559082
-0.281494;0.868408;-0.0527344
-0.270264;0.869385;-0.020752
-0.249268;0.856445;-0.0183105
-0.291504;0.879395;-0.060791
-0.321045;0.912109;-0.117188
-0.342041;0.922363;-0.167725
-0.338135;0.915039;-0.124756
-0.306885;0.881348;-0.0700684
-0.283203;0.853027;-0.045166
-0.271973;0.837402;-0.0266113
-0.2771;0.846924;-0.0495605
-0.290039;0.860352;-0.041748
-0.311523;0.886963;-0.0554199
-0.31543;0.876709;-0.092041
-0.327637;0.883301;-0.114258
-0.317139;0.886475;-0.107178
-0.311279;0.867188;-0.078125
-0.297363;0.849365;-0.0856934
-0.302002;0.843506;-0.0766602
-0.314941;0.854004;-0.0947266
-0.315674;0.883789;-0.0551758
-0.32959;0.842529;-0.0922852
-0.3125;0.853027;-0.107422
-0.316406;0.868408;-0.108887
-0.296143;0.856934;-0.076416
-0.288818;0.845947;-0.050293
-0.298828;0.825195;-0.0900879
-0.311768;0.842041;-0.113281
-0.324219;0.883789;-0.125732
-0.329834;0.841064;-0.134521
-0.322266;0.816406;-0.136719
-0.312988;0.79541;-0.134277
-0.308838;0.799561;-0.131104
-0.306396;0.830566;-0.102783
-0.302246;0.804932;-0.119385
-0.319092;0.827637;-0.137451
-0.359375;0.851807;-0.181152
-0.364502;0.866943;-0.187744
-0.361328;0.766357;-0.204102
-0.323975;0.746338;-0.193848
-0.328125;0.785156;-0.178711
-0.350098;0.82251;-0.190918
-0.306641;0.812256;-0.145996
-0.312012;0.787842;-0.166504
-0.359375;0.806152;-0.214355
-0.351562;0.800049;-0.226318
-0.370117;0.7854;-0.246094
-0.356201;0.769287;-0.222656
-0.337891;0.765869;-0.191162
-0.333496;0.776123;-0.195068
-0.358887;0.775146;-0.209473
-0.355469;0.771973;-0.246338
-0.370117;0.785889;-0.237305
-0.36499;0.77417;-0.251465
-0.375244;0.76001;-0.251709
-0.362305;0.724365;-0.238037
-0.343994;0.671875;-0.230713
-0.338623;0.708984;-0.231445
-0.349609;0.775879;-0.211182
-0.378906;0.769775;-0.23877
-0.361816;0.763672;-0.245605
-0.361084;0.754883;-0.237305
-0.375977;0.794678;-0.285156
-0.373779;0.757812;-0.263428
-0.374756;0.734375;-0.233887
-0.342773;0.726562;-0.215332
-0.331299;0.729004;-0.22876
-0.358398;0.755615;-0.238525
-0.369141;0.744629;-0.252686
-0.364014;0.758057;-0.274414
-0.386963;0.748779;-0.273193
-0.385986;0.697266;-0.272705
-0.35791;0.650146;-0.254639
-0.363281;0.626221;-0.294678
-0.359619;0.69873;-0.295654
-0.387451;0.744141;-0.271729
-0.374512;0.733398;-0.299805
-0.369141;0.749756;-0.271729
-0.371582;0.709961;-0.281494
-0.386475;0.691406;-0.31665
-0.376221;0.624023;-0.310059
-0.369873;0.625732;-0.303467
-0.357178;0.652588;-0.306152
-0.389648;0.666748;-0.34375
-0.385986;0.682373;-0.337402
-0.392578;0.662354;-0.314941
-0.380615;0.631836;-0.324951
-0.393066;0.638428;-0.328613
-0.38916;0.620605;-0.353027
-0.398926;0.630859;-0.355469
-0.401367;0.613281;-0.350342
-0.389404;0.634766;-0.337891
-0.384033;0.633545;-0.34375
-0.406982;0.616455;-0.372559
-0.408936;0.624023;-0.35791
-0.420654;0.610107;-0.382812
-0.407471;0.575195;-0.390625
-0.401367;0.58374;-0.346436
-0.404053;0.603027;-0.354248
-0.404053;0.577393;-0.355957
-0.39624;0.55835;-0.393311
-0.435303;0.5354;-0.449219
-0.454834;0.59082;-0.424072
-0.4375;0.603516;-0.397461
-0.41333;0.550781;-0.354736
-0.39502;0.543457;-0.358398
-0.39917;0.518066;-0.37085
-0.414062;0.539795;-0.390625
-0.428467;0.534668;-0.425537
-0.429932;0.55127;-0.448975
-0.446777;0.56665;-0.437256
-0.428711;0.562988;-0.424072
-0.427979;0.533936;-0.424805
-0.421387;0.505859;-0.432129
-0.429688;0.470459;-0.436523
-0.443848;0.397949;-0.459961
-0.451172;0.361816;-0.471924
-0.452393;0.45459;-0.479004
-0.384277;0.503906;-0.424805
-0.383057;0.5354;-0.39624
-0.390625;0.512207;-0.420898
-0.410645;0.504639;-0.462158
-0.425049;0.508301;-0.488037
-0.453369;0.476318;-0.480469
-0.473145;0.357666;-0.521729
-0.453857;0.415039;-0.458496
-0.434814;0.470947;-0.44043
-0.430664;0.491699;-0.459717
-0.420898;0.504883;-0.463623
-0.45874;0.517822;-0.47876
-0.438477;0.473877;-0.476318
-0.449219;0.392822;-0.456055
-0.44751;0.365479;-0.427002
-0.436035;0.38501;-0.511475
-0.467041;0.414551;-0.48584
-0.465332;0.441895;-0.483154
-0.439697;0.449951;-0.486572
-0.452637;0.481689;-0.476318
-0.435059;0.506836;-0.448975
-0.457764;0.402832;-0.442383
-0.468262;0.336914;-0.464111
-0.451172;0.337402;-0.456299
-0.450195;0.369629;-0.457764
-0.444336;0.415527;-0.470703
-0.473389;0.447998;-0.491943
-0.454834;0.449219;-0.491211
-0.449951;0.439209;-0.45459
-0.44165;0.406494;-0.442383
-0.465576;0.328369;-0.490234
-0.462402;0.3125;-0.459717
-0.462158;0.3479;-0.467773
-0.468506;0.355713;-0.489258
-0.439941;0.380371;-0.469727
-0.46167;0.427979;-0.47168
-0.467773;0.423828;-0.49585
-0.486572;0.387451;-0.506348
-0.505859;0.34375;-0.51709
-0.498291;0.298584;-0.510498
-0.473145;0.252441;-0.503662
-0.476318;0.291016;-0.495361
-0.471436;0.354492;-0.504395
-0.457764;0.400635;-0.483398
-0.477783;0.412842;-0.506104
-0.483643;0.354736;-0.517334
-0.499512;0.284668;-0.559082
-0.497803;0.260986;-0.528564
-0.476318;0.251709;-0.515137
-0.476318;0.295898;-0.501953
-0.461182;0.310059;-0.481201
-0.444336;0.318604;-0.481689
-0.468506;0.355713;-0.452881
-0.496338;0.334961;-0.518555
-0.502441;0.263428;-0.591797
-0.512207;0.206543;-0.505127
-0.46875;0.161865;-0.474609
-0.438232;0.126953;-0.467041
-0.463379;0.18457;-0.476074
-0.480469;0.212402;-0.520752
-0.508057;0.222412;-0.595947
-0.49585;0.28418;-0.572021
-0.533447;0.311279;-0.572266
-0.538818;0.224609;-0.536377
-0.518799;0.152344;-0.525146
-0.505371;0.154785;-0.519775
-0.500732;0.146973;-0.507812
-0.496094;0.125244;-0.503418
-0.49292;0.157227;-0.508301
-0.493652;0.168457;-0.525635
-0.510742;0.181152;-0.543945
-0.520996;0.185303;-0.565674
-0.521973;0.159912;-0.561035
-0.498779;0.12085;-0.503418
-0.489014;0.109863;-0.519287
-0.509766;0.117432;-0.540527
-0.531006;0.115479;-0.54541
-0.51123;0.0983887;-0.551514
-0.520508;0.111816;-0.559082
-0.51709;0.138428;-0.555664
-0.518799;0.170166;-0.532959
-0.516846;0.143555;-0.532715
-0.507324;0.0786133;-0.540527
-0.505371;0.0695801;-0.55835
-0.513184;0.0588379;-0.558105
-0.510254;0.0786133;-0.548096
-0.51123;0.100586;-0.535645
-0.502197;0.098877;-0.55835
-0.502686;0.132568;-0.523438
-0.501221;0.136475;-0.534424
-0.510742;0.123779;-0.537354
-0.498535;0.0666504;-0.523926
-0.498535;0.0593262;-0.542969
-0.518799;0.0629883;-0.555176
-0.512939;0.0673828;-0.553955
-0.502686;0.101318;-0.540771
-0.47998;0.116699;-0.52832
-0.480469;0.111572;-0.52417
-0.504883;0.0615234;-0.541504
-0.518799;0.019043;-0.561523
-0.527588;0.0197754;-0.541992
-0.517822;0.00952148;-0.540283
-0.504883;0.0310059;-0.529541
-0.502686;0.0625;-0.521729
-0.530273;0.0749512;-0.551514
-0.540283;0.0737305;-0.561523
-0.545654;0.0163574;-0.558838
-0.5354;-0.0297852;-0.547607
-0.538818;0.0100098;-0.550537
-0.534424;0.00292969;-0.537354
-0.529541;0.0144043;-0.536865
-0.516357;-0.0144043;-0.521973
-0.525635;-0.0473633;-0.542236
-0.532471;-0.00317383;-0.539307
-0.536133;0.0297852;-0.52832
-0.529053;0.0349121;-0.503662
-0.526367;0.0107422;-0.532227
-0.536377;0.00219727;-0.527344
-0.539795;-0.0285645;-0.539795
-0.547607;-0.0351562;-0.533203
-0.547607;-0.0397949;-0.531006
-0.547607;-0.0656738;-0.527832
-0.532227;-0.115723;-0.522949
-0.516357;-0.0805664;-0.520264
-0.531006;-0.0290527;-0.497559
-0.523926;0.00952148;-0.506836
-0.574463;0.00415039;-0.536133
-0.562256;-0.0671387;-0.530762
-0.564453;-0.164307;-0.538818
-0.583984;-0.128906;-0.523682
-0.530029;-0.145752;-0.485596
-0.522461;-0.0969238;-0.501221
-0.509766;-0.0861816;-0.479736
-0.512939;-0.0966797;-0.484131
-0.559082;-0.104492;-0.506592
-0.599121;-0.107422;-0.548828
-0.586914;-0.123047;-0.548828
-0.570068;-0.192139;-0.502686
-0.561768;-0.202881;-0.509766
-0.5625;-0.126709;-0.496826
-0.445068;-0.189209;-0.454346
-0.45459;-0.226074;-0.467773
-0.516602;-0.0400391;-0.51416
-0.529541;-0.0153809;-0.483643
-0.567383;-0.0505371;-0.495361
-0.595215;-0.184326;-0.546875
-0.602051;-0.165771;-0.546631
-0.53418;-0.196289;-0.490234
-0.562012;-0.144531;-0.504883
-0.568604;-0.0932617;-0.523926
-0.605957;-0.0412598;-0.522705
-0.58667;-0.0209961;-0.520752
-0.537598;-0.0012207;-0.506104
-0.549316;-0.0588379;-0.488525
-0.539062;-0.112793;-0.46167
-0.53418;-0.139404;-0.468262
-0.549805;-0.140869;-0.492432
-0.567383;-0.106201;-0.506104
-0.57251;-0.0625;-0.522461
-0.601318;-0.0375977;-0.526611
-0.633789;-0.0126953;-0.523926
-0.597412;-0.0605469;-0.52417
-0.517578;-0.134766;-0.473389
-0.533691;-0.226074;-0.451904
-0.533691;-0.224609;-0.435303
-0.561768;-0.207031;-0.517822
-0.562744;-0.141602;-0.501953
-0.567139;-0.126221;-0.510254
-0.60083;-0.112793;-0.509277
-0.617432;-0.0925293;-0.526123
-0.606934;-0.121826;-0.493164
-0.598145;-0.160156;-0.482422
-0.568115;-0.192139;-0.467285
-0.560059;-0.187744;-0.467285
-0.560547;-0.193848;-0.48877
-0.578369;-0.191162;-0.518066
-0.603271;-0.190918;-0.528076
-0.581543;-0.151123;-0.4729
-0.532471;-0.140625;-0.439453
-0.518066;-0.187744;-0.450195
-0.557373;-0.249756;-0.494385
-0.585693;-0.24585;-0.487793
-0.591309;-0.208984;-0.502441
-0.590332;-0.181152;-0.509033
-0.602783;-0.148682;-0.510986
-0.626221;-0.112793;-0.497559
-0.602539;-0.112549;-0.494873
-0.543457;-0.128418;-0.466309
-0.508301;-0.181641;-0.438965
-0.55127;-0.299561;-0.467773
-0.595215;-0.289062;-0.519287
-0.590088;-0.196045;-0.52124
-0.583252;-0.188232;-0.513672
-0.575195;-0.182861;-0.498047
-0.578369;-0.166504;-0.501465
-0.554932;-0.158936;-0.439697
-0.539307;-0.205566;-0.450439
-0.523682;-0.24585;-0.445068
-0.572754;-0.270508;-0.498779
-0.608398;-0.292725;-0.530762
-0.631348;-0.259277;-0.535156
-0.573975;-0.204834;-0.521729
-0.499512;-0.190674;-0.471436
-0.536377;-0.222168;-0.439209
-0.541992;-0.208252;-0.400879
-0.509521;-0.292236;-0.404053
-0.572998;-0.338379;-0.459961
-0.599121;-0.371582;-0.5354
-0.635254;-0.338135;-0.538086
-0.639404;-0.266602;-0.510498
-0.622803;-0.232666;-0.518066
-0.579346;-0.240967;-0.53125
-0.509521;-0.279297;-0.480225
-0.54541;-0.351318;-0.479736
-0.48584;-0.355713;-0.452637
-0.534668;-0.333496;-0.441895
-0.549316;-0.308594;-0.431396
-0.536621;-0.254639;-0.457275
-0.534424;-0.23584;-0.468994
-0.560547;-0.276611;-0.488037
-0.541748;-0.310303;-0.475586
-0.512939;-0.314941;-0.463379
-0.493652;-0.341797;-0.435791
-0.488525;-0.300049;-0.406006
-0.490479;-0.263916;-0.408203
-0.542236;-0.268555;-0.42749
-0.543701;-0.350586;-0.469727
-0.593262;-0.368652;-0.486084
-0.622803;-0.360352;-0.487549
-0.568359;-0.373535;-0.482666
-0.558105;-0.339111;-0.427002
-0.559814;-0.266113;-0.394531
-0.596191;-0.25;-0.441162
-0.644775;-0.272217;-0.48291
-0.562012;-0.417236;-0.469238
-0.515625;-0.536621;-0.444824
-0.488037;-0.490967;-0.430176
-0.501221;-0.395996;-0.426514
-0.540283;-0.380127;-0.423584
-0.536865;-0.402344;-0.436768
-0.505859;-0.445312;-0.450195
-0.492188;-0.57251;-0.435791
-0.477783;-0.506104;-0.381836
-0.289551;-0.505615;-0.304932
-0.407227;-0.498047;-0.36792
-0.510742;-0.463379;-0.437012
-0.574707;-0.427002;-0.44043
-0.487793;-0.511719;-0.43042
-0.443115;-0.539551;-0.393799
-0.338867;-0.561035;-0.319336
-0.380127;-0.616699;-0.352295
-0.454834;-0.672119;-0.417969
-0.487793;-0.635498;-0.431152
-0.468994;-0.533691;-0.388184
-0.492188;-0.48877;-0.365234
-0.517822;-0.496338;-0.334961
-0.519775;-0.506836;-0.355713
-0.512939;-0.546875;-0.352539
-0.508301;-0.605469;-0.378418
-0.539062;-0.610352;-0.395508
-0.515869;-0.519775;-0.407959
-0.501953;-0.478271;-0.381592
-0.485107;-0.470215;-0.346191
-0.477295;-0.470215;-0.269531
-0.424316;-0.59082;-0.260742
-0.474121;-0.6521;-0.369385
-0.540039;-0.621826;-0.359619
-0.52124;-0.533936;-0.411133
-0.532959;-0.535889;-0.407471
-0.488525;-0.535889;-0.366211
-0.425537;-0.550537;-0.371582
-0.370117;-0.601562;-0.344971
-0.335938;-0.645264;-0.370361
-0.425293;-0.633545;-0.365234
-0.528076;-0.54541;-0.395996
-0.557129;-0.489014;-0.40625
-0.560059;-0.535645;-0.380127
-0.483887;-0.530762;-0.328613
-0.491943;-0.614502;-0.341797
-0.40332;-0.702393;-0.346924
-0.362305;-0.676758;-0.329102
-0.363281;-0.628174;-0.321289
-0.407227;-0.552734;-0.342773
-0.439941;-0.567383;-0.372803
-0.467773;-0.599121;-0.371826
-0.467285;-0.633545;-0.34082
-0.429199;-0.641602;-0.345947
-0.43457;-0.682129;-0.350586
-0.421143;-0.684814;-0.363037
-0.384766;-0.651123;-0.33252
-0.421631;-0.632812;-0.333496
-0.53125;-0.502197;-0.288574
-0.461182;-0.59082;-0.358398
-0.44873;-0.608154;-0.349365
-0.433838;-0.628662;-0.328857
-0.377686;-0.655029;-0.336914
-0.330566;-0.657471;-0.32666
-0.33252;-0.627441;-0.328369
-0.385742;-0.612549;-0.34082
-0.414551;-0.608887;-0.351318
-0.427979;-0.634521;-0.36499
-0.384033;-0.676758;-0.364746
-0.406494;-0.68457;-0.36084
-0.408203;-0.689941;-0.360596
-0.394775;-0.671387;-0.321777
-0.403564;-0.627686;-0.334229
-0.446533;-0.581543;-0.338867
-0.472656;-0.606689;-0.345947
-0.41626;-0.610352;-0.345703
-0.392578;-0.656982;-0.34082
-0.388672;-0.655273;-0.332031
-0.381592;-0.689453;-0.349854
-0.381348;-0.697266;-0.373779
-0.388916;-0.724854;-0.349365
-0.463623;-0.471924;-0.34375
-0.188232;-0.771484;-0.145508
-0.364258;-0.649658;-0.273926
-0.407227;-0.605469;-0.363525
-0.391357;-0.710938;-0.336914
-0.400879;-0.754639;-0.340332
-0.387207;-0.726318;-0.334473
-0.360352;-0.692383;-0.310547
-0.341309;-0.66333;-0.293701
-0.381836;-0.674561;-0.293701
-0.375732;-0.658447;-0.318848
-0.373047;-0.710205;-0.311279
-0.376709;-0.740234;-0.296143
-0.364014;-0.791992;-0.311279
-0.377197;-0.794434;-0.279541
-0.371094;-0.740967;-0.257812
-0.344971;-0.686279;-0.22583
-0.336914;-0.680176;-0.217773
-0.336426;-0.72998;-0.244629
-0.374023;-0.777832;-0.26709
-0.359619;-0.805664;-0.262207
-0.387939;-0.75293;-0.254639
-0.313721;-0.794678;-0.135254
-0.347168;-0.705078;-0.227783
-0.364014;-0.661377;-0.183838
-0.365234;-0.708984;-0.196045
-0.358887;-0.771484;-0.221924
-0.355957;-0.85083;-0.204102
-0.352783;-0.852295;-0.280029
-0.322266;-0.816895;-0.171875
-0.352783;-0.750732;-0.230957
-0.360107;-0.723389;-0.219238
-0.386475;-0.711914;-0.22168
-0.387207;-0.758301;-0.241211
-0.4104;-0.744141;-0.2146
-0.330566;-0.779297;-0.287109
-0.382324;-0.869141;-0.202637
-0.363281;-0.885254;-0.199951
-0.373047;-0.854736;-0.230713
-0.358643;-0.762939;-0.240967
-0.400635;-0.64502;-0.15332
-0.438232;-0.693848;-0.117676
-0.37915;-0.778809;-0.0644531
-0.358398;-0.870117;-0.128662
-0.335693;-0.908936;-0.133057
-0.311768;-0.899414;-0.119629
-0.332031;-0.902832;-0.12793
-0.348633;-0.843262;-0.118652
-0.354004;-0.741699;-0.097168
-0.360352;-0.685059;-0.1604
-0.370117;-0.762695;-0.133789
-0.346924;-0.880127;-0.102295
-0.339844;-0.907715;-0.0727539
-0.340332;-0.912598;-0.0522461
-0.329834;-0.899414;-0.0725098
-0.316895;-0.919678;-0.0480957
-0.340332;-0.876953;-0.0751953
-0.40625;-0.84082;-0.132324
-0.350098;-0.869385;-0.0678711
-0.303467;-0.949219;-0.0134277
-0.252686;-1.04297;0.00756836
-0.299316;-1.01343;0.0383301
-0.334473;-0.918701;-0.036377
-0.333008;-0.882324;-0.0456543
-0.341309;-0.87793;-0.036377
-0.324951;-0.896729;0.0510254
-0.3125;-0.917236;0.0812988
-0.280273;-0.925049;0.0644531
-0.315674;-0.933838;0.124756
-0.324219;-0.889648;0.11084
-0.360107;-0.849365;0.0534668
-0.343018;-0.901367;0.0107422
-0.34082;-0.929199;0.0678711
-0.352783;-0.896729;0.179199
-0.330566;-0.904053;0.200684
-0.340576;-0.921875;0.107422
-0.302246;-0.946045;0.0637207
-0.322754;-0.941406;0.0280762
-0.334473;-0.986084;-0.000732422
-0.332275;-1.021;-0.0239258
-0.310791;-1.01733;0.0566406
-0.328125;-0.967773;0.143066
-0.318115;-0.875977;0.218262
-0.342529;-0.85791;0.200928
-0.333008;-0.850098;0.126953
-0.359375;-0.858154;0.102539
-0.341309;-0.886719;0.151123
-0.306152;-0.959229;0.181396
-0.277588;-0.994385;0.214111
-0.297607;-0.974121;0.2229
-0.297119;-0.907227;0.252441
-0.318604;-0.891357;0.174805
-0.32666;-0.894531;0.145264
-0.334961;-0.904297;0.161133
-0.32666;-0.933105;0.190918
-0.295166;-0.992188;0.232666
-0.290283;-1.00171;0.244385
-0.280518;-0.973389;0.303467
-0.27417;-0.956055;0.263672
-0.299072;-0.934082;0.227295
-0.300293;-0.970947;0.199463
-0.315186;-0.974854;0.210938
-0.310303;-0.978271;0.233643
-0.306885;-0.989746;0.276123
-0.311035;-0.960205;0.319092
-0.308105;-0.932373;0.38916
-0.334717;-0.876465;0.233398
-0.314453;-0.929688;0.276123
-0.293457;-0.986816;0.299561
-0.297607;-0.989502;0.316406
-0.306396;-1.00562;0.366699
-0.29248;-1.03271;0.313477
-0.277344;-0.945557;0.275879
-0.302246;-0.912842;0.453613
-0.260986;-0.957275;0.447998
-0.273438;-0.948242;0.418213
-0.282227;-0.920654;0.405518
-0.279053;-0.956543;0.436279
-0.278076;-1.02344;0.389648
-0.234863;-1.00244;0.328369
-0.263184;-0.957031;0.489502
-0.244629;-0.979248;0.535156
-0.265381;-0.939453;0.503906
-0.258545;-0.956787;0.489258
-0.254639;-0.964111;0.526123
-0.240479;-0.996582;0.519043
-0.243896;-1.03052;0.462402
-0.221436;-0.987061;0.491943
-0.223633;-0.923584;0.558838
-0.230469;-0.919434;0.581299
-0.221924;-0.937256;0.574219
-0.234131;-0.903809;0.536377
-0.23584;-0.909668;0.567139
-0.214355;-0.984619;0.546631
-0.184814;-1.04883;0.612061
-0.253418;-1.02563;0.40918
-0.231934;-0.996826;0.460449
-0.215332;-0.909668;0.617188
-0.203857;-0.939697;0.675537
-0.0944824;-1.00415;0.744385
-0.145508;-0.955322;0.639648
-0.187012;-0.882324;0.596436
-0.189209;-0.919189;0.647949
-0.18042;-0.957031;0.598877
-0.19458;-0.944092;0.593262
-0.181396;-0.949951;0.606445
-0.174316;-0.911377;0.672852
-0.156982;-0.925781;0.696777
-0.172852;-0.915283;0.679199
-0.161621;-0.911865;0.694092
-0.168457;-0.92627;0.687744
-0.171143;-0.932617;0.678223
-0.191895;-0.958008;0.641113
-0.18457;-0.952637;0.66626
-0.192871;-0.914307;0.696045
-0.162109;-0.915527;0.722656
-0.166504;-0.889648;0.730957
-0.16748;-0.924072;0.73584
-0.182617;-0.908936;0.717041
-0.179199;-0.879395;0.725098
-0.172852;-0.903564;0.730957
-0.168945;-0.907959;0.758057
-0.180664;-0.894287;0.759521
-0.171875;-0.891357;0.777832
-0.14624;-0.861572;0.790527
-0.148193;-0.866211;0.790039
-0.153076;-0.904541;0.739258
-0.141846;-0.897217;0.761719
-0.138672;-0.895752;0.785889
-0.141357;-0.880127;0.803223
-0.151367;-0.884766;0.821533
-0.149414;-0.856201;0.835205
-0.163086;-0.869873;0.824463
-0.145752;-0.85498;0.832764
-0.151123;-0.874268;0.826416
-0.133057;-0.862061;0.820801
-0.115479;-0.879395;0.815918
-0.132324;-0.876465;0.836914
-0.121094;-0.889893;0.866699
-0.143066;-0.858887;0.830811
-0.0927734;-0.822266;0.900635
-0.131348;-0.83667;0.899902
-0.10791;-0.829834;0.914307
-0.0993652;-0.842529;0.943848
-0.116943;-0.838623;0.910645
-0.112305;-0.822754;0.91333
-0.0974121;-0.826416;0.946045
-0.103027;-0.812012;0.931885
-0.114502;-0.792725;0.91333
-0.116699;-0.770752;0.925537
-0.0898438;-0.768066;0.950928
-0.0849609;-0.774414;0.984863
-0.0834961;-0.791992;0.983887
-0.102051;-0.789551;0.995117
-0.0976562;-0.783447;0.959229
-0.100098;-0.741943;0.939697
-0.11792;-0.729492;0.946533
-0.101807;-0.761719;0.979736
-0.0834961;-0.732666;1.00049
-0.072998;-0.733398;1.06616
-0.0615234;-0.713379;1.09692
-0.0476074;-0.717529;1.11108
-0.0556641;-0.707764;1.06836
-0.0827637;-0.688477;1.03491
-0.0949707;-0.694824;1.06079
-0.108154;-0.684326;1.04248
-0.067627;-0.65918;1.13477
-0.0646973;-0.657227;1.09668
-0.0532227;-0.651123;1.08398
-0.059082;-0.632324;1.10767
-0.0402832;-0.636963;1.15527
-0.079834;-0.621582;1.12744
-0.0751953;-0.627197;1.12793
-0.000488281;-0.612061;1.1814
-0.0107422;-0.608887;1.17139
-0.00195312;-0.552002;1.15918
-0.0593262;-0.533936;1.09424
-0.0656738;-0.505127;1.14893
-0.0493164;-0.522461;1.21265
-0.0175781;-0.562744;1.20166
-0.0205078;-0.541504;1.19116
0.0180664;-0.531982;1.20239
0.017334;-0.529297;1.19189
0.0275879;-0.519043;1.18359
0.0168457;-0.513672;1.19409
-0.000732422;-0.470459;1.20483
0.027832;-0.463379;1.23584
0.0268555;-0.483887;1.23193
0.0163574;-0.410156;1.22803
0.0241699;-0.43042;1.20825
0.0170898;-0.436035;1.22559
0.0527344;-0.419434;1.2146
0.0371094;-0.391846;1.2749
0.0183105;-0.437256;1.29492
-0.00854492;-0.476562;1.2749
-0.0168457;-0.444824;1.26074
0.0131836;-0.421387;1.26147
0.0141602;-0.345215;1.26318
0.0131836;-0.35498;1.2561
0.0217285;-0.367676;1.2959
0.00219727;-0.387939;1.27515
0.0375977;-0.410889;1.27856
-0.0065918;-0.399902;1.2688
-0.032959;-0.37915;1.24829
-0.0322266;-0.370117;1.26025
-0.0114746;-0.355957;1.28442
0.00976562;-0.312988;1.28223
0.00244141;-0.308838;1.32495
-0.00170898;-0.322021;1.28687
-0.0178223;-0.31665;1.29004
-0.0454102;-0.323975;1.31567
-0.0583496;-0.285645;1.2937
-0.0334473;-0.282471;1.30347
-0.0410156;-0.258301;1.2915
0.00463867;-0.232666;1.32642
-0.0129395;-0.2146;1.31519
0.0144043;-0.159668;1.33667
-0.0368652;-0.233154;1.35571
-0.0446777;-0.210205;1.29224
-0.0351562;-0.187012;1.3208
-0.0571289;-0.184082;1.29712
-0.0412598;-0.175537;1.30444
-0.013916;-0.15625;1.32495
-0.0148926;-0.129639;1.33838
-0.015625;-0.11084;1.33276
-0.0419922;-0.115967;1.33057
-0.0351562;-0.118652;1.34912
0.0478516;-0.0925293;1.37744
-0.0632324;-0.125977;1.3147
-0.0627441;-0.111816;1.31055
-0.0253906;-0.108643;1.33374
-0.0310059;-0.0795898;1.38525
-0.0253906;-0.0539551;1.42212
-0.0114746;-0.0378418;1.38599
-0.0283203;-0.0439453;1.35791
-0.0361328;-0.041748;1.32104
-0.0351562;-0.0649414;1.31909
-0.0334473;-0.0715332;1.33252
-0.048584;-0.0556641;1.32568
-0.057373;-0.0544434;1.31519
-0.0449219;-0.0366211;1.34155
-0.0473633;-0.0444336;1.42114
-0.0441895;-0.0141602;1.3689
-0.0158691;-0.00219727;1.34106
-0.0454102;0.0065918;1.32373
-0.0437012;-0.0161133;1.31665
-0.0585938;-0.000244141;1.35303
-0.0690918;0.0227051;1.35327
-0.0803223;0.0166016;1.34033
-0.0842285;0.0246582;1.33936
-0.0871582;0.0407715;1.36182
-0.0895996;0.0380859;1.37402
-0.0715332;0.0178223;1.33862
-0.0830078;0.0273438;1.33887
-0.116455;0.0214844;1.32178
-0.120117;0.0371094;1.31372
-0.133545;0.0620117;1.32446
-0.14917;0.0473633;1.29126
-0.14917;0.0524902;1.29883
-0.156738;0.0720215;1.32007
-0.159912;0.0915527;1.33569
-0.165771;0.0656738;1.33301
-0.174805;0.0668945;1.33008
-0.204102;0.0456543;1.33496
-0.201904;0.0554199;1.33691
-0.222168;0.0585938;1.28394
-0.218262;0.0222168;1.26929
-0.225586;0.0222168;1.31152
-0.243652;0.0231934;1.30884
-0.257812;0.0383301;1.30981
-0.260498;0.0529785;1.32446
-0.289307;0.0615234;1.32104
-0.282959;0.0549316;1.32568
-0.308105;0.0437012;1.30591
-0.317871;0.0393066;1.27271
-0.304932;0.0131836;1.30908
-0.323242;0.0200195;1.26611
-0.327148;0.0224609;1.27832
-0.354492;0.0446777;1.29541
-0.374268;0.0600586;1.31128
-0.360352;0.0566406;1.3064
-0.370361;0.0737305;1.30981
-0.366455;0.0546875;1.27344
-0.376709;0.0166016;1.25195
-0.407227;0.0356445;1.2688
-0.403809;0.0200195;1.25781
-0.397461;0.0310059;1.24927
-0.42749;0.0168457;1.24902
-0.448242;0.0498047;1.26392
-0.438232;0.0480957;1.25732
-0.443115;0.0688477;1.25952
-0.456055;0.0524902;1.21973
-0.473145;0.045166;1.229
-0.490723;0.0456543;1.21338
-0.491699;0.0358887;1.2334
-0.491211;0.0197754;1.20898
-0.496826;0.0578613;1.18335
-0.530762;0.064209;1.21191
-0.529785;0.065918;1.18286
-0.547607;0.0588379;1.19824
-0.557373;0.0437012;1.19434
-0.575195;0.0593262;1.18359
-0.605469;0.0595703;1.15869
-0.603027;0.0588379;1.14502
-0.607666;0.0551758;1.15405
-0.629883;0.0788574;1.16211
-0.638184;0.0888672;1.14404
-0.640625;0.0754395;1.14209
-0.632324;0.0444336;1.13721
-0.632568;0.0473633;1.13428
-0.640869;0.0371094;1.10156
-0.681152;0.0539551;1.11719
-0.657959;0.0478516;1.1106
-0.653809;0.059082;1.10767
-0.661621;0.064209;1.09839
-0.659668;0.0998535;1.09546
-0.652588;0.079834;1.07495
-0.670654;0.0737305;1.0918
-0.678955;0.0366211;1.09888
-0.692383;0.0185547;1.04883
-0.734131;0.0239258;1.05005
-0.732666;0.0380859;1.05127
-0.713623;0.0529785;1.03857
-0.730713;0.0463867;1.03369
-0.732178;0.0458984;1.0354
-0.731689;0.0625;1.02441
-0.750488;0.0646973;1.01221
-0.757324;0.0664062;1.03076
-0.784912;0.0639648;1.05908
-0.803955;0.0344238;1.00415
-0.791504;0.0224609;0.978516
-0.771729;0.0114746;0.974609
-0.777588;0.0163574;0.952881
-0.772705;0.0285645;0.962402
-0.78125;0.0263672;0.942627
-0.801758;0.0229492;0.950684
-0.798096;0.00219727;0.935791
-0.831055;0.0187988;0.937988
-0.845215;0.0141602;0.927002
-0.844971;0.00927734;0.914795
-0.833984;0.019043;0.919678
-0.816406;0.027832;0.901367
-0.832764;0.0563965;0.896484
-0.85376;0.0744629;0.876953
-0.836426;0.0522461;0.89209
-0.888916;0.0175781;0.859863
-0.894043;0.020752;0.861328
-0.894531;0.0144043;0.856934
-0.920898;0.0148926;0.821777
-0.90918;0.00585938;0.811768
-0.905518;0.0214844;0.807129
-0.884277;0.0280762;0.800293
-0.860107;0.0178223;0.796875
-0.917969;0.0527344;0.827148
-0.918701;0.0197754;0.798096
-0.926514;0.0205078;0.791748
-0.925049;0.0283203;0.785156
-0.916748;0.0200195;0.756592
-0.918945;0.0192871;0.761719
-0.931152;0.00341797;0.737061
-0.920654;0.0444336;0.742676
-0.951172;0.0581055;0.727783
-0.950439;0.0415039;0.731445
-0.938721;0.0275879;0.69458
-0.95166;0.0253906;0.69873
-0.963867;0.0297852;0.705078
-0.969482;0.0351562;0.673828
-0.97168;0.036377;0.645752
-0.962891;0.0151367;0.639404
-0.96875;0.0314941;0.647949
-0.986816;0.0375977;0.635742
-0.991943;0.0368652;0.626465
-0.987793;0.0393066;0.643555
-0.983398;0.0400391;0.61084
-1.02075;0.0571289;0.630127
-1.01538;0.0339355;0.596436
-1.01294;0.0170898;0.584717
-0.999023;0.013916;0.56665
-0.987549;0.0249023;0.566162
-0.99585;0.0187988;0.565186
-0.956543;0.0373535;0.583984
-0.983643;0.048584;0.615723
-1.01538;0.0559082;0.609619
-0.994873;0.0354004;0.603271
-1.00659;0.0317383;0.589355
-0.987305;0.034668;0.580078
-0.976074;0.0285645;0.553467
-0.986084;0.048584;0.543701
-0.977051;0.0297852;0.551025
-0.979004;0.0397949;0.547119
-1.00146;0.0566406;0.558594
-1.0542;0.045166;0.544678
-1.02808;0.0415039;0.542969
-1.01196;0.0300293;0.545654
-0.997559;0.0117188;0.533691
-0.975098;0.0256348;0.516602
-0.967285;0.029541;0.505371
-0.984863;0.0317383;0.518311
-1.00366;0.017334;0.512207
-1.01611;0.00976562;0.515381
-1.02466;0;0.506592
-0.998291;0.0114746;0.510498
-1.00073;0.0224609;0.487549
-0.996582;0.0354004;0.484619
-0.986328;0.0410156;0.508789
-1.02783;0.0446777;0.489746
-1.02124;0.0305176;0.486328
-1.01294;0.029541;0.467285
-1.04028;0.036377;0.455811
-1.04419;0.0427246;0.447266
-1.03052;0.0263672;0.457275
-1.03442;0.060791;0.473633
-1.03003;0.041748;0.475342
-1.02344;0.0380859;0.450684
-1.04126;0.0324707;0.455322
-1.01392;0.0217285;0.450195
-0.999023;0.0429688;0.437744
-1.00269;0.0349121;0.442627
-1.01709;0.0393066;0.44751
-1.04956;0.034668;0.434082
-1.0481;0.0405273;0.453125
-1.02905;0.0251465;0.416504
-1.00879;0.0151367;0.418213
-0.97998;0.0239258;0.424805
-0.996338;0.0317383;0.422363
-0.998779;0.03125;0.413574
-1.00781;0.045166;0.424072
-1.04297;0.026123;0.425537
-1.04883;0.000732422;0.394775
-1.04028;0.0251465;0.397217
-1.01587;0.0302734;0.41748
-1.00073;0.0349121;0.419189
-0.987305;0.0437012;0.406006
-1.02515;0.0439453;0.408936
-1.021;0.0358887;0.410645
-1.02173;0.0251465;0.412109
-1.0166;0.0456543;0.399658
-1.00879;0.0356445;0.403809
-1.03442;0.0415039;0.394531
-1.02246;0.0324707;0.380859
-1.02319;0.0505371;0.402832
-1.02319;0.0483398;0.401855
-1.00391;0.0244141;0.411621
-1.03052;0.0603027;0.417725
-1.02808;0.013916;0.359863
-1;0.0297852;0.350586
-1.01465;0.0412598;0.361572
-1.02856;0.0427246;0.357422
-1.04224;0.0549316;0.347168
-1.04688;0.0456543;0.34668
-1.01709;0.0378418;0.345703
-0.991455;0.0344238;0.343018
-1.00708;0.0620117;0.339355
-0.985596;0.0227051;0.341064
-1.04321;0.0339355;0.316895
-1.03467;0.0302734;0.314453
-1.05225;0.0351562;0.300537
-1.04175;0.0258789;0.270996
-0.989258;0.034668;0.294678
-0.973145;0.0380859;0.286133
-1.01074;0.043457;0.29541
-0.998291;0.0368652;0.294189
-1.00586;0.0229492;0.284912
-1.03003;0.0366211;0.278076
-1.04858;0.0488281;0.277588
-1.03687;0.0544434;0.280762
-1.02393;0.0742188;0.27832
-1.02026;0.067627;0.27002
-1.01831;0.0437012;0.241211
-1.0354;0.0493164;0.238525
-1.02637;0.0405273;0.237793
-1.0166;0.0688477;0.236328
-1.04028;0.0681152;0.249023
-1.05811;0.0634766;0.246582
-1.03687;0.0598145;0.238525
-1.02124;0.0527344;0.227539
-1.00488;0.0495605;0.24292
-0.999023;0.0722656;0.233398
-1.00635;0.0668945;0.243164
-1.00586;0.0661621;0.23877
-1.02588;0.0634766;0.234131
-1.03882;0.0593262;0.216064
-1.03613;0.0568848;0.201904
-1.02515;0.0554199;0.195557
-1.00659;0.0617676;0.196045
-0.983887;0.0671387;0.200928
-0.978027;0.078125;0.192383
-0.992676;0.0898438;0.199951
-0.98584;0.0644531;0.182129
-1.0061;0.0625;0.158936
-1.02954;0.0751953;0.156982
-1.01465;0.0603027;0.140625
-0.986816;0.0783691;0.138184
-1.00146;0.0739746;0.124512
-0.998047;0.0734863;0.124756
-1.00684;0.0803223;0.121826
-1.02832;0.0986328;0.11499
-1.00317;0.0842285;0.109375
-0.997314;0.0754395;0.0942383
-0.983398;0.0986328;0.101074
-1.00708;0.0766602;0.0883789
-0.967285;0.0622559;0.0817871
-0.980469;0.0683594;0.0700684
-1.0061;0.0754395;0.074707
-1.02832;0.0749512;0.0722656
-1.00562;0.0959473;0.0632324
-0.968262;0.109131;0.026123
-0.95752;0.0947266;0.0610352
-0.954346;0.103516;0.0444336
-0.982666;0.0939941;0.0256348
-0.97998;0.0932617;0.0197754
-1.00464;0.0825195;0.0227051
-0.978271;0.0878906;0.0158691
-0.974121;0.0922852;-0.000488281
-0.970703;0.0769043;-0.0263672
-0.942383;0.0830078;-0.020752
-0.950928;0.090332;-0.00195312
-0.929688;0.10083;0.00683594
-0.956787;0.110352;0.00512695
-0.977051;0.119873;0.00366211
-0.977295;0.101807;-0.00195312
-0.947998;0.0859375;-0.00585938
-0.92041;0.0842285;-0.0126953
-0.918213;0.0915527;-0.00634766
